28607.526249998988
28394.051249998938
28607.526249998988
28394.051249998938
28541.851249998977
28729.77624999897
29186.251249998986
28995.626249998975
30123.551249999015
29964.026249999013
30252.601249999043
30005.726249999047
30271.65124999899
30652.80124999904
30672.776249999013
31365.176249999022
31887.426249999062
30931.476249999057
31891.026249999053
32781.451249999074
33064.92624999915
32544.32624999909
33500.97624999918
33443.15124999916
33782.80124999927
33165.751249999164
33165.751249999164
34718.20124999944
